281.88
281.88
282.87
283.57
284.96
283.57
286.46
286.66
286.46
286.95
287.65
287.45
288.15
288.15
289.35
289.05
288.85
289.54
289.84
289.35
291.04
290.54
291.54
291.74
293.93
292.43
292.23
292.43
292.73
292.93
293.63
293.63
294.13
294.82
295.82
295.62
296.52
296.52
297.01
297.21
297.41
297.91
298.11
299.6
298.81
300.5
299.11
299.11
300.5
299.11
299.31
300.5
301.7
302.59
302.79
304.98
302.59
302.59
300.7
303.59
302.79
304.68
303.99
304.68
305.18
304.68
304.68
303.79
306.08
304.29
305.68
304.68
303.59
305.38
305.18
306.38
303.79
304.68
304.48
304.98
304.48
305.88
305.68
304.98
305.38
305.88
305.18
304.98
303.99
304.98
304.48
304.48
304.48
303.09
303.29
302.59
302.79
303.09
301.7
301.4
301.0
299.8
298.41
298.11
297.01
296.52
296.52
296.32
295.82
